Convolutional Layers: 2

Layer 0 Filters: 8
Input Channels: 1

Filter 0 Kernels:
Channel 0:
0.131367 0.393275 0.537935 0.256362 0.428878 
0.380606 0.400185 0.0549963 0.638222 0.463139 
-0.0661641 0.327881 0.722909 0.431737 0.0942562 
0.192414 0.0831629 0.14362 -0.0425954 0.160911 
0.25517 -0.225394 -0.350922 -0.270721 -0.226963 

Filter 1 Kernels:
Channel 0:
0.270165 0.180424 0.502261 0.620296 -0.343525 
0.69128 0.698323 0.151851 0.465157 0.465329 
-0.565941 0.683877 0.473645 0.663036 0.154709 
-0.313784 0.403018 0.0285602 0.379232 -0.0592635 
0.331108 -0.0677253 -0.451398 -0.133514 0.185234 

Filter 2 Kernels:
Channel 0:
0.659161 0.102793 0.0687208 0.204158 0.401189 
0.024546 0.277299 -0.301508 0.420091 0.546143 
0.0656204 0.413476 0.633424 0.354223 0.777164 
0.469683 0.461947 0.0648465 -0.0938969 0.435064 
-0.00248141 -0.220812 -0.273316 -0.15303 0.19927 

Filter 3 Kernels:
Channel 0:
0.239445 0.340484 0.696439 0.536483 0.244135 
0.36365 0.152791 0.696264 0.809867 0.512443 
0.392859 0.301449 0.204816 0.315452 0.374865 
0.100511 -0.112749 0.446048 0.291584 0.131569 
-0.0907058 -0.106753 0.18076 -0.222841 0.311431 

Filter 4 Kernels:
Channel 0:
-0.100124 -0.122632 0.0208986 0.354674 0.598598 
0.226571 0.508044 0.904677 0.577502 0.55804 
0.0507298 0.370997 0.633498 0.706428 -0.301049 
0.522112 0.00811809 0.244199 -0.36246 -0.40044 
0.363811 0.303185 0.324488 0.0299962 -0.379782 

Filter 5 Kernels:
Channel 0:
-0.136267 0.487184 0.528817 -0.124338 0.0504791 
0.266449 -0.049724 -0.16129 0.354676 0.460053 
0.417599 0.563359 0.16248 0.292657 0.557939 
-0.150712 0.166082 0.0846485 0.372949 0.0860519 
-0.557269 0.116183 0.134185 -0.301914 -0.478797 

Filter 6 Kernels:
Channel 0:
0.473066 0.276002 0.263999 0.706885 0.272521 
0.419247 0.22057 0.560795 0.617785 0.269896 
0.232753 0.0234552 0.691156 0.223645 0.531715 
0.380725 0.112457 0.136458 -0.101407 0.0373695 
-0.549367 0.342135 0.172761 -0.0684195 0.183512 

Filter 7 Kernels:
Channel 0:
-0.168041 -0.278216 -0.0204307 0.599752 0.0713076 
0.584547 0.437635 0.279643 0.645867 0.475878 
0.0590364 0.243688 0.298618 -0.0488313 0.216498 
-0.00618679 0.601136 -0.031464 0.383469 -0.25303 
0.084904 -0.0822675 0.209142 -0.485053 -0.26382 

Bias: -0.000221085

Layer 1 Filters: 8
Input Channels: 8

Filter 0 Kernels:
Channel 0:
-0.0861866 -0.232248 -0.0277036 0.0753963 0.104257 
-0.161743 -0.0716799 0.00291835 0.0722653 0.0764516 
0.0418131 0.129423 -0.0346885 0.0601138 0.120249 
-0.0777529 0.16012 0.0211439 -0.125645 -0.14053 
0.0322723 0.127334 0.167655 0.04496 0.20235 

Channel 1:
-0.106241 -0.150103 0.0139004 -0.113882 0.0723949 
0.0284638 0.00894574 0.0186348 0.16461 0.0992324 
0.0943975 0.17861 0.0448828 0.121868 -0.119442 
0.152232 -0.0900451 -0.0339023 0.0595533 -0.0762897 
0.0571618 0.0989742 0.0824053 0.114868 0.0697227 

Channel 2:
0.126357 -0.134517 0.0310132 0.00677971 0.03632 
0.106585 0.0529558 -0.0385068 -0.0527166 -0.0303788 
-0.0404015 -0.00634514 0.0629643 -0.0918255 -0.00890487 
-0.129907 -0.0454185 -0.0705828 -0.152514 -0.271281 
0.147272 0.139942 0.0405795 0.0894866 0.136902 

Channel 3:
-0.115897 -0.0437138 0.122642 -0.157377 0.0466972 
-0.0716905 0.225474 -0.0565829 0.0701221 -0.0922473 
0.033572 0.125236 -0.014948 0.0599437 -0.118066 
0.024292 0.0978267 -0.0403079 -0.0809228 -0.164576 
-0.00752191 -0.179093 -0.16209 -0.0175202 0.0671013 

Channel 4:
0.112459 0.00522254 -0.0235162 0.0299817 0.164919 
0.0339828 0.0804264 -0.0693033 0.198494 -0.0514344 
0.197521 0.184338 0.325501 -0.0989852 -0.17264 
0.0442148 0.168843 0.0281016 -0.0249761 -0.040241 
-0.0776321 -0.214924 -0.0521966 0.182383 0.151836 

Channel 5:
-0.142284 -0.0431679 -0.0988743 0.00257947 0.0964146 
0.144298 0.286683 -0.134903 0.107278 -0.0436513 
0.213568 0.223817 0.0391513 0.0914691 -0.0741995 
-0.150929 -0.10414 -0.0424014 -0.0587333 0.126997 
0.0393865 0.115003 -0.0519722 0.249172 0.0805795 

Channel 6:
0.0488129 0.0153085 0.0334905 0.168675 0.169703 
0.271165 0.23297 0.0869563 0.073066 -0.102315 
0.0491838 0.217448 0.275375 0.066748 -0.155871 
0.122312 0.0773921 -0.047219 -0.00562717 0.0530693 
0.158483 -0.0720192 0.134854 -0.0196284 0.0831002 

Channel 7:
0.0439704 0.128601 0.121206 0.0888718 0.136984 
0.0233188 -0.173649 0.153657 0.049246 -0.0210159 
0.130269 0.0947591 0.0728833 0.0261011 -0.0663288 
0.0220249 0.0512701 -0.0559505 -0.0300198 0.175126 
-0.0584177 -0.0719685 -0.138286 0.123162 0.049879 

Filter 1 Kernels:
Channel 0:
0.0687278 0.0999808 -0.0479985 -0.0502466 0.0762896 
0.0652725 0.066156 -0.196359 -0.0815006 0.0427056 
0.135077 0.0672231 -0.092417 -0.0522444 -0.0780621 
0.0525994 0.123895 -0.050508 -0.189941 0.0168962 
-0.186572 0.0448662 0.238204 0.137078 0.162552 

Channel 1:
0.0461585 0.0422549 -0.0922653 0.190162 0.24353 
0.0497623 0.0957861 0.140525 0.204655 0.0896601 
-0.0328011 0.209356 0.0662817 0.188324 -0.206719 
0.0231771 -0.07391 0.0371987 0.106206 -0.200275 
-0.137785 -0.307839 -0.0457845 0.0349052 0.117217 

Channel 2:
0.0307156 0.0325252 -0.0565728 -0.154951 -0.0601534 
0.121738 0.265534 0.0145513 -0.0814637 -0.00171899 
-0.037526 0.000786082 0.100923 -0.158052 0.0160817 
0.0120545 -0.0751691 -0.107039 0.266383 0.187492 
0.0139803 0.0528872 0.0857775 0.0991685 0.150935 

Channel 3:
0.27414 -0.093418 0.0902761 0.204119 0.116029 
0.0349039 0.188334 0.0264681 0.0190213 -0.252437 
-0.0723092 -0.107179 -0.0170902 -0.0820341 -0.260311 
-0.00919704 0.0331997 -0.231401 0.0163712 0.114269 
0.0119054 -0.0301598 -0.160591 0.0380911 0.152357 

Channel 4:
0.130497 -0.134153 0.133405 -0.0187317 0.233067 
-0.0213896 -0.016727 0.00245282 -0.0878029 -0.103357 
0.175086 0.0194826 -0.158172 -0.136993 -0.15801 
-0.0220778 0.109658 -0.147092 -0.0553832 0.141642 
-0.0565537 -0.0568944 0.0548138 0.275434 -0.00571146 

Channel 5:
-0.147179 -0.0519898 0.00162222 0.0154594 0.0811221 
0.0971521 0.266505 0.212707 0.0467617 -0.02199 
-0.137747 -0.00390405 0.080157 -0.0477372 -0.151125 
0.105016 -0.0525292 -0.0306346 0.0433906 -0.164851 
0.0700791 -0.0834306 0.199702 0.108509 0.1343 

Channel 6:
0.090329 0.0629687 -0.112205 -0.174802 0.202773 
0.117387 -0.051166 0.0722422 -0.112804 -0.0436941 
0.103715 -0.0589425 -0.128485 -0.148426 -0.0514631 
0.031614 -0.0322107 -0.179233 -0.0222762 -0.226193 
0.0562439 -0.0821948 0.0829798 0.0485811 0.1716 

Channel 7:
0.0923673 0.0224107 -0.125348 -0.095278 0.0830153 
0.0619283 0.141191 0.151719 0.0965622 -0.134499 
-0.0761083 0.204474 -0.202213 0.0474643 -0.133903 
-0.243864 -0.0220752 -0.0261414 0.0296685 -0.114469 
-0.0188441 -0.0989287 -0.0599797 -0.00633874 0.166694 

Filter 2 Kernels:
Channel 0:
0.0455916 0.269899 -0.147506 0.0920907 0.0651382 
0.0349925 0.0278389 -0.102165 -0.116748 -0.102003 
0.15937 -0.0598895 0.0367195 0.0141435 -0.114521 
0.142658 -0.123812 0.0310068 0.0519063 0.243374 
-0.106072 0.218292 0.108235 0.200827 0.0443883 

Channel 1:
-0.0585849 -0.0247257 -0.0898614 -0.0106737 0.100945 
-0.172726 0.0353768 0.0439698 -0.179197 -0.0500781 
-0.155546 0.0254328 0.0424776 -0.0788569 0.104173 
-0.00298779 -0.0362561 -0.0711228 0.106544 0.0942232 
0.057488 0.0814724 0.146023 0.138821 0.167809 

Channel 2:
0.0835237 -0.0770795 0.0329009 -0.167861 -0.0327968 
0.0642084 -0.0619969 0.086258 0.0703661 0.104743 
-0.0898751 -0.182041 -0.125797 -0.152847 -0.0936113 
-0.00354671 -0.0305635 -0.0813715 0.181397 0.150165 
-0.0184452 -0.0927653 0.0302788 0.144323 0.122868 

Channel 3:
-0.120979 0.110906 -0.0156517 0.0113224 0.262021 
-0.0904895 0.143729 0.130984 0.0133601 -0.0146346 
-0.061438 -0.00582843 -0.275919 -0.113811 0.232732 
0.119916 -0.0411207 -0.22421 0.0835587 0.11169 
0.254444 0.022267 0.0532792 0.0765378 0.185244 

Channel 4:
0.0646486 0.0728277 -0.0587751 0.037567 0.292473 
-0.169202 -0.0747595 -0.247795 -0.138086 0.000776216 
0.0332425 0.0454142 -0.0924864 0.0372398 0.0767192 
0.0972962 0.012097 -0.24724 0.018828 0.0739388 
0.116702 0.0754246 0.189723 0.244048 0.13823 

Channel 5:
-0.0843161 0.117784 0.150774 -0.0336242 -0.0346386 
-0.182013 -0.151689 -0.13688 -0.0239822 -0.0749745 
-0.0908356 -0.173432 -0.0334436 -0.120398 0.0960435 
0.0112498 0.131344 -0.161074 0.122885 0.193222 
0.0367458 0.122257 0.0504211 -0.0661014 0.0906553 

Channel 6:
0.0882838 -0.117265 -0.0649402 0.0636581 0.0868403 
-0.10558 0.111888 -0.185359 0.0169027 0.211553 
-0.132048 -0.174225 -0.100017 0.0253704 0.105769 
-0.0353283 0.0866624 -0.0540554 0.0322091 0.281815 
0.0285948 0.185066 -0.126906 0.207048 -0.0286205 

Channel 7:
-0.242601 -0.106059 0.0528102 -0.000882864 0.0589941 
-0.26958 -0.0251331 -0.186657 -0.0120785 0.0300363 
-0.0877261 -0.0167237 -0.174599 -0.061917 0.0369429 
0.0114338 -0.155676 -0.0910288 -0.0135552 0.185226 
0.124243 0.125446 -0.0100399 -0.00293481 0.113101 

Filter 3 Kernels:
Channel 0:
-0.065144 0.0667762 0.218549 0.140761 0.0385901 
-0.138359 0.103025 -0.13735 0.017457 0.0975993 
-0.117135 -0.147363 -0.073181 -0.0950484 0.0249938 
0.0559945 0.112506 0.0808272 0.0438584 0.168319 
-0.0534359 0.0186352 0.0595713 0.196719 0.279484 

Channel 1:
0.0270479 -0.168017 0.0549605 0.0618987 0.0790386 
-0.244937 0.0211734 -0.0588618 0.141249 -0.0095358 
-0.120439 -0.0918492 -0.0479034 0.0424916 0.0844485 
0.214177 -0.0650015 -0.0735855 0.0139102 0.105032 
0.240718 0.162351 -0.111711 0.182238 0.310264 

Channel 2:
0.0816515 -0.048006 0.115502 0.055094 0.0983081 
-0.0620651 0.133745 -0.0571777 -0.124481 -0.118615 
-0.0868495 0.0520726 -0.249143 -0.136088 -0.102864 
0.113072 -0.0103268 -0.0367352 -0.0166202 0.279683 
0.189294 0.190132 0.191824 0.19851 0.115324 

Channel 3:
0.160306 -0.0836146 0.0943352 0.113581 -0.109238 
-0.0523643 0.0445368 -0.243348 0.0920137 -0.235289 
-0.0296503 -0.0582389 -0.249855 -0.143453 -0.0749915 
0.264863 -0.0553536 0.0406365 -0.046689 0.121838 
0.0573394 0.0808883 0.0601528 0.000310026 0.358735 

Channel 4:
0.06692 0.161926 0.240716 -0.146749 0.145757 
-0.122804 0.0313664 -0.0929528 -0.172793 -0.00681632 
-0.172389 -0.00358477 0.0655715 -0.329425 -0.0291925 
0.185227 0.0430261 -0.0932042 0.0846204 0.00998081 
0.347783 0.0727584 0.161683 0.0993098 0.0296062 

Channel 5:
0.0538745 0.0017334 0.107211 -0.0475331 -0.184597 
-0.21059 -4.69861e-05 -0.0111572 -0.127404 -0.0557426 
0.0192509 0.0381316 0.0323626 -0.172552 -0.186743 
0.0263506 0.231096 -0.0552647 0.0490347 -0.00700673 
0.0887949 0.114004 0.103251 0.092707 0.0849707 

Channel 6:
0.136045 0.0356276 0.0195526 -0.115223 -0.0702407 
0.00711171 0.174466 0.0294236 -0.153878 -0.00942 
0.185512 -0.0665059 0.0086892 -0.209209 0.0571793 
0.0851372 0.0786637 0.0382279 -0.00783287 0.0750394 
0.0358864 0.00178179 0.179645 0.168636 0.255797 

Channel 7:
0.0841816 0.186853 0.2345 0.0113566 0.0991697 
-0.0883854 -0.0244086 0.0380292 0.130374 -0.173514 
-0.0958208 0.173582 -0.262396 -0.16789 -0.218327 
0.144566 0.0823498 0.0503149 0.049438 0.263554 
-0.0127637 0.111429 0.0318535 0.182068 0.00773313 

Filter 4 Kernels:
Channel 0:
0.0430106 0.15558 0.200451 0.0132439 -0.0827434 
0.00397818 -0.133448 -0.111472 0.0763787 -0.1198 
-0.0442799 0.0418446 -0.0336159 -0.0755148 -0.0616189 
0.183071 0.0679556 -0.154196 0.00642855 0.151346 
0.16109 0.0427197 -0.0754312 0.217565 0.149205 

Channel 1:
-0.0413227 0.0734201 0.101058 0.0877988 0.0543369 
0.165399 -0.0192116 -0.315833 0.0680707 0.127827 
-0.0377083 -0.114515 0.00396199 0.126737 -0.21447 
0.128881 -0.0389589 -0.0392283 -0.0364093 -0.0659168 
0.060799 -0.0133148 0.0322683 0.192369 0.210149 

Channel 2:
-0.098886 -0.0749195 0.0620803 0.0851644 -0.0814669 
0.10527 -0.0869491 0.139379 -0.150248 0.0408037 
0.065808 0.0335268 0.131224 0.142014 -0.0947792 
0.129701 0.157478 0.100241 -0.0659344 -0.0596777 
0.229108 0.180982 0.216321 0.136198 -0.146898 

Channel 3:
-0.00253455 -0.179817 0.0184772 0.0822526 0.0781902 
0.0357512 -0.0115928 -0.0264859 0.0755193 -0.0599757 
0.0445093 -0.0667584 -0.0265907 0.0146851 -0.0954318 
0.0588661 0.131033 0.191236 0.00815605 0.0161563 
-0.115337 0.0798827 0.031508 0.0298689 0.150373 

Channel 4:
-0.122375 -0.182826 -0.202136 0.0678941 -0.108699 
-0.0288497 0.017057 0.1192 0.00532429 0.150658 
-0.0919538 0.174668 0.179438 -0.175486 -0.0291343 
0.0388293 0.0156316 0.113445 -0.159745 -0.144416 
-0.0461814 -0.00784988 0.0102762 0.313126 0.123014 

Channel 5:
-0.0359123 -0.210274 -0.00571969 0.130159 0.127003 
-0.0888648 0.16619 -0.0278483 0.167967 -0.109125 
-0.252852 0.0749501 0.0600725 -0.11689 -0.0481985 
-0.0673068 -0.0748854 -0.0639399 -0.0983367 0.0480461 
-0.0259411 0.0551093 0.0646666 0.0828831 0.0894352 

Channel 6:
-0.19789 -0.172441 0.072999 0.0087486 0.00203489 
0.0166792 -0.0229678 0.0189686 -0.0228684 0.0511449 
-0.121534 0.157892 -0.0810932 0.0852602 0.0262283 
0.0523818 0.02312 -0.0508064 -0.20264 -0.0180257 
0.158852 -0.0704679 -0.0676883 -0.0292314 0.0781309 

Channel 7:
-0.0272283 0.00133893 0.08081 0.0800553 0.16545 
0.089047 -0.0248061 -0.0117299 -0.0454617 0.0275096 
-0.0259901 0.328887 0.0443387 -0.119378 -0.121202 
-0.0497539 0.0386585 -0.0889111 0.0503136 -0.0658248 
-0.152895 0.157536 -0.115211 0.136055 -0.000684766 

Filter 5 Kernels:
Channel 0:
-0.147256 -0.333797 -0.117181 -0.00360409 0.162173 
0.0206708 -0.0684712 -0.107076 -0.0336774 0.0949189 
-0.0328738 0.00459223 0.139517 -0.0232761 -0.143932 
-0.0148603 0.0351596 0.104198 0.0121346 0.188186 
0.104602 0.0715993 0.17437 0.0746667 -0.0875573 

Channel 1:
-0.172878 0.0158408 -0.106512 -0.0026186 0.0318744 
-0.0379011 -0.0129877 0.107815 -0.109749 0.210582 
-0.166067 0.176849 0.0855095 0.0501278 -0.114151 
0.047355 0.0359361 0.00522831 -0.157799 9.41575e-05 
0.0343876 0.0409742 0.162043 0.115732 0.0753403 

Channel 2:
-0.164112 -0.167941 -0.137352 -0.0667042 0.081588 
-0.0920879 -0.0887487 -0.0215982 -0.135786 -0.148624 
-0.00244999 0.140626 0.0377261 0.0157859 0.0432089 
-0.064566 0.0998983 0.151162 -0.0189121 0.00830135 
0.0577712 0.107131 0.0660597 0.134164 0.0220517 

Channel 3:
-0.120126 -0.167852 0.0264475 -0.106996 0.228151 
-0.184558 -0.0400829 -0.0540631 0.0199943 -0.125227 
-0.197954 0.0132395 -0.0809804 0.0645014 0.125038 
0.153976 0.0661645 0.0481513 -0.0767198 0.146394 
-0.0265504 0.264791 0.0980981 -0.026922 0.0121754 

Channel 4:
-0.209091 -0.0873493 -0.0667004 0.0996144 0.171823 
-0.153025 0.0563856 0.0769363 0.242555 -0.00415905 
-0.246577 -0.0110597 0.188272 0.0868331 -0.0806891 
0.0998105 0.174424 0.149996 -0.054291 -0.378963 
0.296419 0.122847 0.215869 -0.0952881 0.0379823 

Channel 5:
-0.202286 0.0137561 -0.0905714 -0.00443579 0.0899428 
-0.140258 0.183774 0.139208 0.170856 -0.0182613 
-0.104785 0.0956909 0.236224 -0.040176 -0.104211 
-0.05944 0.035501 0.141607 -0.0102445 -0.123893 
0.0300506 0.365346 0.175371 0.166651 -0.00261974 

Channel 6:
-0.346058 -0.190153 0.0760204 0.101206 0.0192221 
-0.219011 0.134845 0.0610527 0.0631991 -0.213631 
-0.139175 0.0881427 0.0850662 -0.0598616 -0.178664 
-0.0129494 0.0527151 0.0504212 0.0935699 -0.139271 
0.115845 0.368837 -0.00749362 -0.146179 -0.214671 

Channel 7:
-0.113661 -0.325729 -0.0926872 -0.119713 0.220319 
-0.0161874 -0.166279 0.0354617 -0.0718208 -0.0264791 
-0.162524 0.14736 0.0861829 0.0585555 0.0543417 
0.0583144 0.224539 0.120085 0.119932 -0.0268016 
0.356812 0.167144 -0.0709495 -0.0671237 0.160838 

Filter 6 Kernels:
Channel 0:
-0.106424 -0.0865203 -0.0128969 0.217711 0.273517 
-0.0549723 -0.0722587 -0.158714 0.0703726 0.0731135 
-0.141494 0.202678 0.12116 0.15435 -0.184361 
-0.0652138 0.195882 0.143427 -0.0166554 -0.229794 
0.239872 0.267779 0.108578 -0.211311 0.155667 

Channel 1:
-0.291121 -0.104525 0.0295333 0.0853249 0.0610543 
-0.0607231 -0.138353 -0.105013 0.0133815 0.0100013 
0.017883 0.0810869 0.108535 0.045747 -0.081813 
0.0532687 0.155337 0.04945 0.081442 0.00987367 
0.0717107 0.257506 -0.0264519 -0.0878707 0.196626 

Channel 2:
-0.0972213 -0.073681 -0.0154316 -0.0424264 -0.142365 
0.140535 0.0513166 -0.0373679 0.163876 0.185757 
0.180218 -0.0600333 0.0733492 0.112938 0.0809391 
0.235702 0.372032 0.115193 -0.0354012 -0.0979522 
0.100908 0.201555 0.0739663 0.0277107 0.126157 

Channel 3:
-0.232312 -0.339513 -0.0991649 -0.112565 -0.102779 
0.108136 0.10872 -0.0760515 -0.156417 0.00478719 
0.0780415 0.201459 0.0102894 -0.0788502 -0.138696 
0.137997 0.217497 0.238754 0.0787526 -0.0859934 
0.124845 0.225035 0.0670158 0.305989 0.0867398 

Channel 4:
-0.142789 -0.0228748 0.197185 -0.124058 -0.0121954 
0.135461 0.0157168 -0.0742166 -0.147648 -0.0463672 
0.111304 0.194456 0.152822 0.133036 -0.0489547 
0.0453009 0.0924795 0.153107 -0.0332607 -0.0520112 
0.203104 0.300045 0.281666 0.0122696 0.168157 

Channel 5:
-0.170522 -0.22208 0.0428711 0.039197 0.0562334 
0.049449 0.0277378 -0.0542991 -0.0373853 0.0584797 
0.123369 0.0310146 0.267956 0.0284582 0.1083 
0.0604052 0.108153 0.213244 -0.0714221 -0.0840559 
0.16635 0.274448 0.238426 0.101975 0.00871968 

Channel 6:
-0.147124 -0.207721 -0.03935 0.0103379 0.0335721 
0.1619 0.172225 0.0810006 -0.00837736 -0.055325 
0.023478 0.180188 0.206286 -0.0141962 0.00042774 
0.14038 0.401121 0.112725 -0.00673069 -0.145273 
0.132116 0.0708586 0.0874381 0.0791315 -0.03041 

Channel 7:
-0.10117 -0.00746603 -0.173358 -0.209169 -0.0195027 
0.326049 -0.0473923 0.00269916 0.0699505 0.00596315 
0.0349759 0.149866 0.177858 0.0480849 0.04558 
-0.043564 0.0849117 0.00723689 0.0156216 -0.0331141 
0.172043 -0.0145702 0.0808306 0.00869814 -0.012387 

Filter 7 Kernels:
Channel 0:
0.00104189 -0.0160823 0.0130576 -0.0321339 -0.0407788 
0.0488288 0.218584 0.0377036 -0.0783884 -0.0334968 
0.0307164 0.185684 0.257666 -0.0890169 0.0653495 
0.0170093 -0.0514751 0.131932 0.156636 -0.239555 
0.0073508 0.21423 0.144914 -0.11207 -0.0300419 

Channel 1:
-0.307896 -0.179677 -0.158059 -0.178819 0.020685 
0.159408 0.0380593 -0.074017 -0.0388113 0.0532694 
0.115547 0.183599 0.0361131 0.104878 0.0416056 
-0.0991325 -0.00886889 0.150214 0.0832732 -0.0971336 
0.096973 0.262468 0.183114 0.00564126 0.0306262 

Channel 2:
0.145831 0.00726203 -0.0880181 -0.103137 -0.168608 
0.192858 -0.0240021 0.00517971 -0.0404198 0.0784454 
0.13567 0.113413 -0.0850305 -0.0406318 0.0274729 
-0.0898614 0.00840595 0.063101 -0.0524985 -0.13155 
0.0618951 0.100847 0.166323 0.165205 0.252516 

Channel 3:
0.103003 -0.094664 -0.0877189 -0.0803408 0.371719 
0.219541 0.0837256 -0.0554795 -0.0536129 0.210952 
-0.0882274 0.170172 -0.0740645 0.0247057 -0.075226 
0.0425612 0.241988 -0.0280703 -0.045113 -0.169716 
0.0688099 0.295265 0.051847 -0.0207174 0.0734321 

Channel 4:
-0.084971 -0.124684 -0.0330389 0.0120599 0.215315 
0.0508626 -0.0532541 -0.0447285 -0.0906697 0.191194 
-0.0320465 0.119591 0.0461514 -0.208618 -0.0186996 
-0.00640022 0.169399 0.0343993 -0.108256 -0.159082 
0.20415 0.0984739 -0.162535 0.0566188 0.0668157 

Channel 5:
-0.12715 -0.0971071 -0.122072 0.157737 0.188527 
0.082579 -0.117926 0.0206503 -0.194118 0.0852806 
0.116422 0.110715 -0.0211184 0.0373572 0.0556011 
0.0797007 0.0650875 -0.0781324 -0.0236168 -0.159149 
0.122698 -0.00769786 0.130132 -0.131756 0.204626 

Channel 6:
-0.189798 0.0520296 -0.284597 -0.0238068 -0.00729936 
-0.044109 0.0580163 0.00544602 -0.16905 0.0767581 
0.105973 -0.0180273 -0.0461161 0.0331719 -0.081982 
-0.0854973 0.228845 -0.0139619 -0.0322981 -0.176768 
0.00782117 0.312639 0.304831 0.0284628 -0.00892893 

Channel 7:
-0.0466237 0.0217548 -0.193422 0.171156 0.0341877 
-0.0397913 0.0888441 0.0620455 0.0900258 0.0758471 
-0.0676593 0.051716 -0.0175681 0.0249414 -0.00980263 
0.00525231 0.0713628 0.188641 0.0722786 0.0856075 
0.0908185 0.195329 -0.099518 0.0257044 0.138055 

Bias: 0.0841837

FC Weights: 10x392
-0.070538 -0.155632 0.0829554 -0.217802 -0.0248275 -0.228134 -0.0826589 -0.00816633 -0.0256508 -0.265804 -0.148515 0.148836 0.0263466 -0.0358753 -0.0903361 -0.176207 -0.0129286 0.039638 -0.0326393 -0.0905505 -0.0475197 -0.139349 0.0271222 -0.0630363 -0.111813 -0.147218 -0.0591498 0.0199504 0.0227748 0.119964 0.0405574 -0.0981187 -0.136625 -0.092566 0.0593345 -0.0742649 0.0414895 0.100428 0.0133478 0.0423238 0.0269543 -0.0217549 -0.0281212 0.000782368 0.140488 -0.0222876 0.0039655 0.00189105 0.0433337 -0.0280394 0.0161625 0.165085 0.0375584 -0.19671 -0.203628 -0.202709 -0.0302016 -0.0703348 0.0651574 -0.0964286 -0.00871456 -0.090755 -0.0583866 0.0978604 -0.0524711 -0.429117 0.0409153 0.127193 0.0163466 0.0145769 -0.0446866 -0.0254601 -0.0304605 0.00185455 0.034245 0.0188681 0.0544597 -0.366423 -0.0315605 0.0676271 -0.0259828 -0.109542 -0.0498548 -0.0195386 -0.192793 0.0188162 0.101277 -0.0420526 0.0465757 -0.0349796 0.0692308 -0.0180081 0.037071 0.0150828 -0.00282512 -0.0830726 0.126895 -0.000319483 -0.0124863 -0.124931 -0.123047 0.0234251 0.0587615 0.0818289 0.0317104 -0.0751387 0.0140636 0.142018 0.0470022 0.0683171 -0.133077 0.00688518 -0.0656818 -0.0661281 0.00399366 -0.073266 -0.160784 -0.0670022 -0.0612699 0.0379612 0.0565603 -0.196318 0.0244023 0.0197571 -0.0101612 0.0683455 0.113602 0.0578086 -0.1081 0.00703854 0.0473366 0.0688479 -0.15437 0.000683687 0.0907683 -0.127339 0.0473658 0.197973 -0.0877648 0.0852367 -0.0528645 0.0745906 0.0407156 -0.078289 -0.0554182 -0.274909 -0.0113869 -0.0565667 -0.0974751 0.00573437 -0.0265228 0.0742574 -0.0410034 0.00965405 -0.0458969 0.0713416 -0.0222 0.0359143 0.0685046 0.0715364 0.0863455 -0.0319095 -0.0535913 -0.176595 0.092433 -0.248669 -0.155537 0.0184516 -0.00201767 0.0560565 -0.0474551 0.0844624 -0.170047 -0.0418774 0.0407009 -0.0922872 0.0290394 0.149726 -0.0222781 -0.059019 -0.136264 -0.11611 -0.140664 0.0255066 -0.0120063 0.0575814 -0.125202 -0.0696945 0.181574 -0.0411968 -0.05409 -0.0989256 0.152775 0.0609606 0.0139557 -0.0223163 -0.0516976 -0.0511714 0.133109 0.0270499 0.0727134 -0.0867102 -0.159894 -0.155543 -0.0117824 -0.0292666 0.0430276 -0.117779 0.0133982 0.0757978 -0.0508766 0.0758251 0.0112313 -0.0504042 -0.097843 0.0767753 -0.0617836 -0.134811 0.0842978 -0.0264417 -0.128506 0.0715838 0.00872847 0.0905752 0.027968 0.0379954 -0.109519 -0.117412 0.0942033 0.016259 0.175603 0.104688 0.120366 -0.0488149 -0.0193469 -0.0350104 -0.00584286 -0.114402 0.0357601 0.0806191 0.0927789 -0.173926 -0.102889 -0.189042 -0.00376399 -0.056483 -0.0293253 -0.0640084 0.147569 0.121285 -0.0403065 -0.0839113 -0.0902372 0.0678636 -0.124156 0.0884664 -0.0318904 0.0240639 -0.173615 0.0285044 0.0295774 -0.0322114 0.0681044 -0.0143639 -0.0730362 -0.119549 0.0133905 0.0217145 0.0492889 -0.264993 0.00182021 -0.00388813 -0.0234431 -0.123764 -0.123812 0.0358044 -0.153475 -0.0280965 0.0709365 -0.0703992 -0.136399 -0.210509 -0.364198 -0.0741045 0.139854 0.101737 -0.0298482 -0.0161907 0.0529305 -0.0506783 -0.417386 -0.109369 -0.00645388 -0.021957 -0.128777 -0.0760902 0.0108709 -0.135437 0.0840287 -0.00563738 0.0231769 -0.0376218 -0.0300831 0.084505 0.084909 0.0494393 -0.00409954 0.0055287 0.10455 0.0212889 -0.124489 0.0448962 -0.00531493 0.106949 0.07533 -0.0620739 -0.0656316 0.0429047 -0.179853 -0.329972 0.0337665 -9.32158e-06 0.0307995 0.0320371 -0.0431922 -0.0479464 0.093398 -0.0655051 0.0962832 0.0775184 -0.0762295 -0.0424339 0.0732326 0.0298893 -0.0938831 -0.222899 -0.236759 -0.228521 -0.0967183 -0.269297 0.00254647 -0.0232894 -0.104317 -0.183184 -0.0230743 0.0768437 -0.0823274 0.025813 0.000635509 -0.10628 0.101045 -0.0517352 -0.083202 0.10899 -0.0020711 -0.0618074 -0.00229593 0.0555647 0.034419 -0.0228378 -0.0112789 -0.13591 0.176287 0.09251 0.0298784 -0.0450186 0.0964016 -0.0740098 -0.00213816 0.00388434 -0.0120984 -0.158843 -0.0802233 -0.03328 -0.0357512 -0.163772 0.0747377 0.108838 0.0908167 0.0201362 -0.0873117 0.10787 0.138012 -0.0602773 0.0654993 -0.119334 0.221044 -0.274653 0.0135046 -0.0716596 -0.196884 -0.0147021 
0.14363 -0.0230127 0.117633 0.0291409 -0.00763722 -0.10849 0.153952 0.0893206 -0.0760303 0.0158162 -0.18163 -0.0434754 -0.0176635 0.0578615 0.033022 -0.077009 -0.11276 -0.0782901 0.0813527 -0.0629958 -0.0482183 0.208876 0.0863426 -0.29639 0.0408144 0.127458 0.0519167 -0.311452 0.0422781 -0.130207 -0.137213 -0.00489723 0.0833394 -0.0266121 -0.129966 0.0540404 -0.0327792 -0.139935 0.103568 0.031753 0.0266361 -0.0793053 0.180943 0.0207312 -0.0872157 -0.00946624 -0.0025277 -0.0274719 0.0492257 0.0576591 0.115711 -0.0843877 -0.118154 0.517167 0.00558313 0.141846 0.101409 -0.175314 0.0145288 -0.0946841 -0.0882547 -0.0839053 0.118937 -0.212546 -0.0339403 0.157563 -0.143588 0.0792426 -0.101141 -0.0689102 -0.171694 -0.0812269 -0.0770397 -0.012147 0.065668 -0.0625485 -0.198427 -0.125188 -0.0826849 -0.00561172 -0.0152599 0.124999 -0.116503 -0.271949 0.04454 -0.157432 -0.0344676 0.0196689 0.187967 -0.0250264 -0.0846607 0.0443791 -0.0668506 0.0543412 -0.0628514 -0.116402 0.0137291 -0.0620102 -0.185964 0.0104936 -0.0737234 -0.0395401 0.139487 -0.102435 0.173227 0.0124141 -0.0738928 0.0587143 -0.214429 -0.107862 -0.21702 -0.191077 -0.176778 -0.10444 0.184871 -0.0968329 0.0663884 0.127812 -0.308895 -0.198562 -0.0496292 0.154887 -0.270999 -0.0529576 -0.214889 0.0355677 -0.104167 -0.0796945 0.143985 -0.265573 0.0378904 -0.0328086 0.00707337 -0.102338 -0.176518 0.161322 0.0967331 -0.20472 0.122246 -0.077835 0.0174827 -0.0927079 -0.132299 0.070213 0.131798 0.259644 0.0324046 0.075684 -0.00499047 -0.144721 -0.0236467 -0.02111 -0.092712 0.0623827 0.0174703 -0.114181 -0.0471719 -0.0497814 0.00827434 -0.136387 -0.174711 -0.241944 -0.106495 -0.0672546 -0.126288 0.13771 -0.00352148 -0.254372 -0.02555 -0.10856 -0.0985379 -0.154259 -0.033721 -0.0357899 -0.0840427 0.130047 -0.000151186 0.000135676 -0.0135554 0.086334 0.0559025 -0.0525087 0.178919 -0.142443 -0.00890302 -0.0616052 -0.0909297 0.080488 -0.198611 0.0564068 0.11842 -0.0817015 0.0246958 -0.0459396 -0.0669181 -0.144111 -0.050609 -0.121179 -0.000812836 0.186299 -0.0786565 -0.115212 0.261342 0.0542906 -0.0510213 -0.0460729 -0.0368102 -0.0745773 0.0136618 0.13806 0.0744449 -0.253879 0.02666 -0.02116 -0.0157553 0.107136 -0.254132 0.0263868 -0.34407 0.040317 -0.110165 0.0500516 0.00617595 -0.0268196 -0.0741472 -0.278151 -0.003319 0.180389 -0.0756101 0.0607375 -0.121346 0.0741795 -0.0173128 0.284457 0.0436058 -0.363706 0.236731 0.138847 -0.0155893 -0.079358 0.0134841 0.22468 0.00894521 0.00783997 0.142271 0.0665534 -0.111002 -0.10795 0.0441717 -0.113362 -0.0735276 -0.0163348 0.171331 -0.0984899 -0.0908326 -0.00572209 0.0375558 -0.0967796 -0.115164 0.0264773 0.00378973 -0.20416 0.127687 0.187731 -0.000659082 0.0816052 0.109124 -0.11735 -0.22148 0.154563 0.0336737 0.0464702 0.0745632 0.105843 -0.0484922 -0.0336414 -0.0410632 -0.0777294 -0.0783821 0.0522203 -0.171203 0.172274 0.0538239 -0.152123 0.165666 0.00445193 0.111316 0.0269715 0.0749753 -0.0167192 0.345642 0.280526 0.420739 0.111032 0.0363189 -0.0966046 -0.0273202 -0.108981 0.0187168 -0.0497555 0.0336123 -0.0834255 -0.0975132 -0.0162032 0.0065306 0.189905 -0.146594 -0.138943 -0.0506927 -0.216476 -0.0541588 -0.0258632 0.107253 -0.0448887 -0.255939 -0.0985043 0.0145095 -0.0588677 -0.0242457 0.0831125 -0.0205774 -0.176232 0.146679 0.024839 -0.0497412 0.154637 -0.0575092 -0.0433889 -0.112534 0.115566 0.149846 -0.189572 0.0247017 -0.0281239 0.0969492 -0.0570979 0.0902954 0.140495 0.0768428 -0.408803 -0.349391 -0.0770992 -0.0401878 0.0152607 -0.0880278 0.0934004 -0.00116074 -0.0619744 -0.0594675 0.0650099 -0.149361 -0.0258586 0.18012 0.0103127 -0.0449813 -0.101832 -0.120637 -0.231031 0.202707 0.0151955 -0.074584 0.0815902 -0.136294 -0.114027 0.0289447 0.011491 -0.0278898 0.132615 0.150293 -0.118807 -0.239061 -0.145494 -0.0433593 0.106493 0.125971 0.166283 0.002376 -0.139323 -0.0669034 0.0794408 0.29658 -0.148036 0.117813 0.172301 -0.115832 0.0339669 -0.183544 0.223031 -0.0976636 0.0851393 0.31311 0.0670933 
0.0930822 0.0121948 0.0617735 -0.0604311 0.061318 -0.0524891 0.154003 0.100366 0.12316 -0.144115 0.15722 0.00563572 0.0635778 -0.087865 0.271192 0.0120419 -0.114352 -0.0374313 -0.147288 -0.0638778 -0.0111882 0.0411534 -0.0186664 0.0265067 -0.0250866 -0.06535 -0.0455241 -0.0646403 -0.0617001 -0.0143218 -0.0734795 0.0119337 0.115142 -0.0581596 0.0340066 -0.0618208 -0.0989464 0.11763 -0.0428824 -0.0391887 -0.0464306 0.0239405 0.107132 0.0474794 0.108429 0.00571877 -0.0531782 0.0255974 0.228113 0.0478198 -0.135815 0.132528 -0.0355901 -0.240712 -0.285653 -0.0798771 -0.0139594 -0.0556409 0.153172 -0.127704 -0.0926842 0.0356496 -0.0456682 0.313696 -0.0637504 -0.0744939 0.092659 -0.0206838 0.0285816 -0.0746884 0.142738 0.0807181 0.0511331 -0.110193 -0.0274696 -0.0614083 0.029336 0.0856989 -0.0462767 -0.0620135 -0.0642919 -0.0980008 0.102882 0.064071 -0.243881 -0.141388 0.00698448 -0.0785336 0.0363992 0.00435378 0.0276978 0.0127084 -0.0360995 -0.0538828 0.0604196 -0.0796512 -0.0108501 0.0753828 -0.010432 0.0114491 -0.0148943 -0.015839 -0.047491 0.0828309 0.0703028 -0.0432049 0.00969733 0.088692 -0.131901 -0.125651 -0.0762344 -0.126072 0.0154125 -0.00637936 -0.144991 0.175161 0.0118319 -0.265616 -0.405138 3.44819e-05 -0.1854 -0.113398 0.0208053 0.0542907 -0.130365 0.0695767 -0.00781926 0.0314875 0.0384081 -0.159732 -0.0071452 -0.117486 0.178227 -0.0168844 0.0731334 0.064946 0.102813 -0.0877466 0.0949457 0.211066 0.0263268 -0.0275091 -0.0567193 -0.0836163 0.106268 0.316355 -0.0318408 -0.121025 -0.160872 -0.0191003 0.116694 -0.0346323 -0.0258206 0.125807 0.0666063 -0.045884 0.0304682 0.0833497 -0.0860911 0.0220063 -0.034199 0.0875247 0.0239593 -0.0601671 -0.127979 -0.0164659 -0.0135238 -0.13174 0.0561329 0.0887924 -0.104769 -0.0158453 0.0282468 0.0145477 0.0555939 -0.177704 0.000186475 0.0286695 0.0267959 0.0827807 0.0859514 -0.0178742 -0.21159 -0.115579 0.117211 0.0157356 0.0444495 0.0488425 0.0887828 0.0904437 0.131836 0.014664 -0.144114 -0.0324868 -0.0195767 -0.00372541 0.0616872 -0.0290602 -0.00645045 0.0468774 0.157969 0.122925 -0.0796421 0.151775 0.137636 0.0576562 0.0822986 0.0159034 -0.0564336 -0.00934395 0.195223 -0.174171 -0.171152 0.0524516 -0.0270838 -0.100902 -0.0135333 -0.0144204 -0.0483387 -0.0444034 0.0877599 -0.117725 -0.191337 -0.0217493 0.0378823 -0.152549 0.107847 -0.0276733 0.104218 0.0216845 0.0198283 -0.0686395 0.077002 0.0165865 -0.0386766 -0.162953 -0.152059 0.28901 -0.0308656 -0.147982 -0.0774213 -0.0955105 -0.130041 -0.0183641 0.0866525 -0.0116032 0.113261 -0.136272 0.0145269 0.0650812 -0.166668 -0.148439 -0.062369 0.0503151 0.0499533 -0.0642212 -0.0664908 -0.0837844 -0.105423 0.227768 -0.0621936 0.00148783 -0.0450396 0.0980012 -0.117972 -0.232371 0.220011 0.0958395 0.109547 0.190165 0.0456795 0.074815 0.112089 -0.00887837 0.0989496 -0.0241871 -0.0917651 0.0120351 0.0171522 0.121387 -0.227544 -0.0656409 -0.0234569 -0.0994953 -0.0335154 -0.175816 0.129934 0.0567977 -0.123591 -0.166621 -0.612114 0.171639 -0.0246064 0.0236449 -0.0573945 0.0197683 -0.00479299 0.0388364 -0.00872711 0.071675 0.0224607 0.15462 -0.0134285 0.114961 0.144326 0.0782522 0.0408381 -0.185717 -0.0451182 -0.0401748 0.00403568 -0.264593 -0.0217154 0.00759309 -0.0533974 0.0686854 -0.0748032 -0.0547709 -0.131598 -0.11668 -0.00741812 -0.0101149 0.00398362 0.0603001 0.059974 0.0647067 0.0970174 -0.103947 -0.0923932 -0.135682 -0.000391485 0.0860402 -0.0668482 -0.00683081 0.00931641 0.197719 -0.157227 -0.133865 -0.137049 -0.0576724 0.104876 0.0596949 -0.105205 -0.0814851 0.149619 -0.0264801 0.039894 0.0111639 -0.0191074 -0.0700496 0.0189422 0.0562409 -0.0454327 -0.138009 -0.0103145 0.0359989 -0.102198 0.0586926 -0.0660665 -0.0550997 -0.0317501 -0.0278794 0.0153095 0.0111181 0.183104 -0.0093375 -0.103718 -0.00655854 0.0546117 -0.0641732 -0.0221674 -0.308736 0.0595405 0.00934799 -0.0477826 -0.0986923 0.00305392 0.128553 0.0611204 -0.231229 0.0519001 -0.079583 0.000925287 -0.0578059 0.0653838 0.0164219 0.0510837 -0.289516 -0.214332 0.0779359 0.00844927 0.189229 
0.0185125 0.109435 -0.0142896 0.0261198 0.0964314 -0.126171 -0.0422572 0.175711 -0.031563 0.017189 -0.000364383 0.0662424 0.0198419 0.0403402 0.132231 0.146398 0.120349 -0.0596811 0.0156531 -0.00800922 -0.107404 0.300034 -0.0692334 0.091788 0.117808 -0.0556458 -0.0160577 -0.119885 0.209222 -0.187413 -0.0545346 0.0150581 0.045721 -0.0992543 -0.243471 0.162758 0.0516959 -0.112871 0.0418314 -0.0612159 0.0269217 -0.01478 -0.08805 0.06936 0.104351 0.0216528 0.0937882 -0.137846 -0.156071 0.0514521 0.0709171 0.0410454 0.0746216 -0.0530268 -0.216515 -0.108794 -0.0447752 0.0963534 0.0677386 0.0398892 -0.143635 -0.231857 -0.134203 -0.132283 0.190571 0.100949 -0.0983043 0.0703371 -0.0149793 -0.0280296 0.177774 0.0322633 -0.110702 -0.0917034 0.0230005 0.0355764 -0.119363 0.0232015 0.0966662 0.0289983 0.0699344 -0.0852112 -0.142481 0.0632762 0.212109 0.157674 -0.0373319 -0.114772 -0.0357309 -0.0265069 -0.0538069 -0.0918249 -0.0544495 0.0410436 0.152361 -0.00559154 0.155092 -0.00639856 0.0182439 0.137629 -0.0925011 0.0316343 -0.07655 -0.0614268 -0.236924 0.0588397 -0.0131465 0.069103 0.0170546 -0.189937 -0.118844 -0.20489 -0.136471 -0.0774304 0.0685533 -0.028309 0.0452301 -0.048119 0.0220881 -0.0814722 -0.0348468 -0.0219469 -0.142296 -0.0339061 -0.103059 0.0407229 -0.16157 -0.268943 -0.0797184 0.0538843 0.103876 0.0078432 0.0973948 -0.0313097 -0.118489 0.0977448 0.216602 0.173698 -0.335996 -0.143346 -0.0981103 -0.147102 -0.0619619 -0.00415715 -0.0512214 -0.0829197 -0.179282 0.0809111 0.162379 -0.0325764 -0.106189 -0.109567 0.140818 -0.177457 -0.0568222 -0.036607 0.0229818 -0.0628314 0.113639 0.0310828 -0.179138 -0.169191 0.0426438 0.0705151 0.0789641 -0.0179818 0.00905467 0.0427199 0.134539 -0.0808862 0.0817432 -0.00762562 -0.0559565 0.0911907 -0.0122178 -0.0314861 0.0950219 -0.00569411 -0.0102565 -0.152657 0.0343938 0.0303583 0.159926 0.0131868 0.0624982 -0.155737 -0.0743609 0.0401035 -0.0385494 -0.198539 -0.163682 0.00114846 0.157613 0.0472442 0.0784193 -0.0717174 -0.0821951 0.0215699 0.119541 -0.00180775 0.0177001 -0.0182119 -0.228188 0.123593 -0.0372735 0.117326 -0.00436119 -0.0519686 -0.0545954 -0.158754 0.152244 -0.148989 -0.0849597 0.0215301 -0.081263 -0.195034 -0.0567991 -0.0522828 -0.0102244 -0.0326838 -0.00112163 0.06687 -0.144055 -0.0738442 0.0728342 0.257372 -0.046454 -0.121724 -0.0210535 0.100756 0.0320047 0.0877115 -0.0904033 -0.015867 0.0553147 0.00463749 0.0961902 0.0169503 0.0594111 0.0611587 -0.00921982 -0.0223269 0.125486 -0.273376 -0.189105 -0.0345719 -0.196861 0.0975707 -0.0017822 -0.0176333 0.00614453 -0.113693 0.0849519 0.135396 0.069803 -0.0217005 -0.052782 0.0777286 -0.215416 -0.188372 -0.00306223 -0.330153 0.0971162 0.065842 0.0325793 -0.0739535 0.214451 0.101218 -0.129099 -0.0859883 -0.107584 -0.184766 0.104278 -0.0628685 -0.0120816 -0.0765265 -0.0881848 0.0711386 0.0856371 -0.139296 0.265923 0.0499118 0.000815607 -0.00612745 -0.00832855 -0.0654635 -0.154662 -0.133264 -0.0687845 0.12327 0.12209 0.0343814 -0.330995 -0.039547 -0.122545 -0.000342875 -0.0465251 0.024838 0.0499473 -0.0451672 -0.272726 0.145862 -0.0233075 -0.100185 0.0351227 0.174171 -0.0377773 -0.0883308 0.185152 -0.0179295 0.0538827 -0.18887 -0.0181687 0.152128 -0.129711 0.0763685 -0.21733 -0.0957348 -0.00750309 -0.0219872 -0.128409 -0.109054 0.127237 0.161484 -0.0268433 -0.0967664 0.00173751 0.0559286 -0.0271756 0.00767656 0.0804461 0.102048 -0.0578113 -0.109774 0.0148782 0.0942373 0.0245423 -0.0636763 0.211109 -0.00965095 0.0186496 -0.117542 -0.148292 -0.0250566 0.119603 0.0449048 0.0780541 0.00813263 -0.196203 -0.0967685 -0.0323146 0.0166394 -0.013179 0.040136 0.0302155 0.0660136 -0.0991983 -0.0297817 0.0702912 0.0352702 0.0437886 0.143281 -0.113493 -0.00909691 -0.0507119 -0.0352866 -0.256958 -0.083891 -0.0566872 -0.0847271 0.0133256 -0.0795904 0.193575 0.017701 0.0348126 -0.0101367 0.0706047 -0.0356456 -0.0793243 0.198322 -0.0743578 -0.0315133 -0.076539 -0.0368383 -0.0582533 -0.0126119 0.00875981 -0.113191 0.164146 -0.181852 -0.364312 -0.153068 
-0.0478146 0.00641057 -0.0445167 -0.234256 -0.234744 -0.0957559 -0.0313768 0.01217 -0.136018 -0.183918 -0.189761 -0.00872571 0.130924 0.03289 -0.0667569 -0.0782066 -0.0988221 -0.0738876 -0.0948235 0.126149 0.0707489 -0.0894878 -0.131005 -0.0836169 0.00554662 -0.0389353 0.0421504 -0.0557115 0.136251 0.0837085 -0.0259466 -0.0423316 0.060288 -0.0598588 0.107703 0.0884019 -0.0625854 -0.0365141 0.00958266 0.123665 -0.0092597 0.0347118 -0.107155 -0.124493 -0.0710064 -0.0731397 0.0109708 -0.00386157 -0.00575486 0.130412 -0.0257347 -0.0861773 -0.1693 -0.0507557 0.259597 0.0035721 -0.0699339 -0.103752 -0.151981 -0.158215 0.0192668 0.163971 0.0339008 -0.0393651 -0.033513 -0.0911858 -0.0619513 -0.0478003 0.0690246 -0.0752233 -0.126984 -0.0431759 0.0582539 -0.0367851 -0.0719261 -0.0753229 -0.0370092 0.0258488 -0.0637116 -0.195806 -0.00206844 0.0533963 0.00262594 0.111171 0.0391358 -0.0279192 0.0279836 -0.00797468 -0.0578332 0.0155163 -0.0593935 -0.00528718 -0.201386 -0.0153657 -0.0888501 -0.0421261 -0.0700177 -0.106654 -0.112719 -0.00541608 -0.0731517 -0.0295726 0.0234699 0.0198837 -0.0138924 -0.0649213 0.0238292 -0.0758067 -0.0257745 -0.179646 0.0145252 -0.0758849 -0.140372 0.0644879 -0.134349 0.169575 0.0187918 -0.0577825 -0.143796 0.0482135 0.137716 0.00390711 0.0252586 -0.106141 -0.027085 0.0385168 -0.0806292 -0.0160727 0.168859 -0.0149008 -0.00519444 -0.348673 -0.229874 0.00768513 0.00834069 0.0293674 0.0281053 0.00382968 0.00757177 0.21859 -0.12472 -0.0440428 0.0404001 0.0470026 0.048333 0.0968451 0.129747 -0.025474 0.0128758 -0.00484813 -0.0384371 0.0325846 0.125866 0.0710942 -0.0846846 0.0153361 -0.0899882 -0.0702014 -0.158691 0.113206 -0.097896 -0.00441828 0.0136585 -0.0108069 0.0882526 -0.207554 0.153203 -0.125164 0.0576593 0.0847287 0.0241743 -0.03492 0.178227 -0.0312664 -0.126724 -0.0378972 -0.0235665 0.0371642 -0.0630258 0.104304 0.0660883 0.0350655 -0.294896 -0.185809 0.021519 0.0379315 0.0798875 0.108761 0.0939917 0.0602499 -0.119362 -0.154085 -0.0941641 -0.309445 -0.20951 -0.195576 0.0232123 0.0854681 0.100819 -0.114587 0.0254862 0.0373699 0.0992185 -0.118859 -0.0114 0.0206597 0.0379477 -0.0201872 0.0438124 -0.0651643 -0.027397 0.0372965 -0.068592 -0.0132149 0.00074751 -0.0577071 -0.0493395 0.0928244 0.0429998 0.00526748 0.0374125 0.0259785 -0.02622 0.0770049 0.0375642 0.0738784 -0.0386118 -0.0273404 0.153405 -0.0371656 -0.0405638 -0.00558503 -0.13716 -0.163867 0.00548937 -0.193684 -0.0388043 -0.095493 0.101324 -0.296833 0.0582534 -0.00360986 -0.0437658 0.0802483 0.142183 -0.151857 -0.0444786 0.0277822 -0.0150816 0.0104272 -0.0326349 0.111762 -0.103122 -0.033478 0.0947847 0.0869778 -0.115634 0.0244258 -0.116525 -0.190632 -0.231971 0.146917 0.0781746 0.0852048 0.203911 -0.0548706 -0.281539 -0.0212233 0.00130024 -0.0806011 0.055904 0.10123 -0.228296 0.0456617 -0.0313312 -0.045759 -0.158179 -0.297254 -0.192793 -0.326346 0.137847 0.0473256 0.105054 -0.0502386 -0.114716 -0.245087 -0.354904 -0.0806705 -0.223341 0.0297663 -0.148077 -0.00597886 0.204819 0.0616242 -0.0292996 0.0552266 -0.0489403 -0.0588851 -0.0880229 -0.107774 -0.00605542 -0.0577371 -0.0280289 0.0317141 -0.0882527 -0.115779 -0.0489122 -0.156917 -0.07678 -0.0814088 0.0420193 0.117705 -0.00622127 -0.0249612 -0.027944 0.199261 0.119878 0.031984 0.125915 0.14589 0.152975 0.0966061 -0.161106 -0.224411 0.102015 -0.182819 -0.0150641 -0.115596 -0.185428 -0.0251208 -0.249337 -0.173341 -0.281676 0.00457689 -0.152839 0.00893396 0.137127 -0.0277869 -0.0625347 -0.149745 -0.390213 0.115061 0.160409 -0.112281 0.0293671 -0.0762011 0.0293178 0.0633205 -0.0398369 0.0888149 -0.0445556 -0.10303 0.00551048 0.0711815 0.0128499 -0.00716731 -0.108733 0.0301056 -0.0118695 0.252233 0.0665642 -0.0229017 0.060944 0.0530079 0.0920039 0.00804076 -0.101041 -0.0187538 0.0574411 0.0210186 -0.00802455 0.0278533 0.0683279 -0.235275 -0.119611 0.107686 -0.28166 0.0839049 0.14051 -0.14555 0.0269667 -0.0376472 0.0260007 0.0601586 -0.083241 -0.187038 0.0299135 0.0326668 0.0357581 0.171885 0.110677 0.112579 
-0.163356 -0.0676831 0.021041 -0.00547689 -0.0199748 0.0711003 0.0682889 -0.191103 -0.0622015 -0.0996619 -0.00718261 -0.00914647 0.0313296 0.123696 -0.244828 -0.151207 -0.040708 0.0984475 0.0443639 0.0238216 0.0357975 -0.250511 -0.0270812 0.0268772 -0.0254501 -0.0957304 -0.231312 -0.00450994 0.19649 -0.10543 0.0642381 -0.108214 -0.0876993 0.000739577 -0.0522676 -0.0513263 -0.0907806 0.0216679 -0.085857 -0.157203 -0.0440985 0.0250873 -0.0746401 -0.148129 0.0070976 -0.0506239 -0.0180944 0.0654931 0.0943194 0.143252 0.0228951 -0.179829 0.110587 -0.0193316 -0.00184923 0.112791 -0.0476612 -0.0605957 -0.0976051 -0.0474205 0.169039 -0.0109863 -0.0370677 -0.10031 -0.0643311 0.0489908 -0.187087 -0.0473204 0.0275193 0.0707181 -0.357969 -0.0862856 -0.041937 0.0174705 0.109901 0.0326183 -0.0177203 -0.0392349 0.0217923 0.145925 0.0130922 -0.193533 0.0252675 -0.0402521 0.0851786 0.0444351 -0.00641087 -0.0491379 -0.0607374 -0.054634 0.0482196 0.157869 -0.0721367 -0.00978827 0.0881969 -0.00429504 -0.0360407 0.029408 0.0633257 0.0569601 -0.0587167 -0.0515571 0.00566942 0.107869 -0.0414079 0.00758054 0.119534 -0.00836935 -0.0259765 -0.081847 0.087456 0.232867 -0.0699625 -0.0661168 0.134526 0.0554463 0.18324 0.280866 0.0673541 -0.0476413 0.0421202 -0.101494 -0.0879623 -0.141301 0.133349 0.020846 -0.0241392 -0.00336491 0.0229918 -0.0238531 0.0175288 0.0166795 -0.0361344 0.00829721 0.0222234 -0.0637524 0.116331 -0.0030736 -0.0585801 -0.153296 0.0593049 -0.0206607 0.00768243 -0.0301204 -0.398663 -0.147232 -0.0784931 -0.00108216 -0.151339 0.00255983 0.128625 0.0592672 -0.0712923 -0.053356 0.0739077 0.0461667 0.0455817 0.118234 0.124304 0.0404657 0.0830752 -0.0750105 0.0744279 0.0142833 0.141637 0.033771 -0.146197 0.0603601 -0.120946 -0.0728015 -0.0399032 -0.0754073 0.0186903 0.0139691 0.00152891 -0.00892421 0.049629 -0.0116195 -0.0142981 0.0395663 0.10633 0.068786 0.035539 -0.0266482 0.019508 -0.0446763 -0.100399 0.00488246 -0.0175926 0.100274 0.110215 0.0928039 -0.00138597 0.192278 0.0298539 -0.00213523 -0.115044 0.0158177 -0.187718 -0.0414954 0.111922 0.0239925 0.0592924 -0.27242 -0.052835 -0.00520632 -0.0219264 -0.231611 -0.0374365 0.0779156 -0.184885 0.0692193 0.0832634 -0.0383528 -0.136202 -0.0477327 -0.0142664 -0.0920479 -0.0209657 -0.0176229 -0.0518682 0.094382 0.104785 0.133708 -0.0675051 -0.0262986 -0.0274312 0.0743724 -0.033465 0.132165 0.0541987 -0.05995 -0.116463 -0.00306356 -0.0240787 0.0268996 0.098943 -0.115577 -0.0851239 -0.0237805 0.0166324 -0.103441 -0.0164096 -0.162443 -0.0534107 0.02347 -0.114334 0.122806 -0.0619705 -0.0863081 0.0708998 -0.0663373 -0.0677645 -0.149674 -0.0115676 -0.0463154 0.116942 -0.0340499 0.173227 -0.0972041 -0.0871314 -0.0943486 0.0867179 -0.195637 -0.305297 -0.0125075 -0.269377 -0.24897 -0.0898591 -0.239756 -0.00929456 0.0814201 0.0460196 -0.164727 -0.0325122 -0.0591962 -0.0938501 -0.00192861 0.0562985 0.0777208 0.148058 -0.0625748 -0.0647685 0.026169 0.0607017 0.13414 -0.200116 -0.057151 0.0466322 -0.23301 -0.030522 -0.131932 0.14758 0.0518358 -0.145597 -0.0658842 0.107412 0.037178 -0.00739072 0.0751021 -0.0564424 -0.0686347 -0.0679745 0.140363 0.00752579 -0.183988 -0.0257406 0.0277618 -0.017786 0.0848411 0.0398507 0.0207948 0.0681694 -0.0638221 0.0936943 -0.144108 -0.0775711 -0.0292243 -0.0465448 0.0595525 -0.0880847 -0.0324714 0.0540008 -0.00752271 0.0672698 -0.0101553 0.0786138 -0.021487 -0.0631963 0.11289 0.104583 -0.00617734 -0.0831627 0.068736 -0.0497912 0.0441314 0.0667677 -0.022296 -0.00107049 0.110067 0.134885 -0.0624673 -0.274884 -0.0698474 -0.0678903 -0.088399 -0.0603098 0.119197 -0.124394 0.0274893 -0.257445 -0.160272 -0.0149676 -0.0216128 0.026126 -0.130012 0.264088 0.0247698 0.0239173 0.0521824 0.0736671 -0.0169565 -0.125564 0.043329 -0.135402 -0.0699292 0.0647588 -0.0625512 0.0768313 0.0648667 -0.117531 0.124753 0.00288855 -0.159017 -0.0975707 -0.0549064 0.162333 -0.0521537 -0.0985834 -0.0521271 -0.00744537 -0.155602 -0.0342975 0.0694854 -0.064385 -0.0786981 -0.0838336 -0.08534 0.100682 0.155328 -0.0505093 -0.132796 
-0.151223 0.0410625 -0.12898 -0.0823253 -0.0123829 -0.030962 0.0585307 -0.143146 -0.0421047 0.132373 -0.00488103 0.00779526 0.114252 0.0611345 -0.288132 0.0119807 -0.07516 0.0277758 -0.11776 -0.163316 0.0254008 -0.263955 -0.0825464 0.00632262 0.0238508 -0.0263265 -0.21885 -0.0297949 -0.345714 -0.0870909 0.0845884 -0.0525265 -0.0437163 0.000148487 0.020653 -0.268963 -0.0618041 0.0550587 -0.0998438 -0.0430766 0.0851108 -0.145729 -0.00296947 -0.0256787 -0.0324182 0.0995992 0.0204976 -0.133306 0.173253 0.0203667 -0.092368 -0.232776 0.0580725 0.275773 0.0204073 -0.0101943 0.0666688 -0.0143388 0.0542551 0.272189 0.139365 0.292037 0.240166 0.0502972 -0.0805865 0.14359 -0.111136 -0.00215309 -0.0560352 -0.150037 -0.13435 0.000982966 -0.0832956 0.0236486 -0.0339069 0.00418424 0.0442004 -0.0900267 0.00754299 0.088753 0.104708 -0.0751109 -0.110057 0.201183 -0.313775 -0.0711983 -0.0303555 -0.120184 -0.0712034 0.0687232 0.0526828 -0.0172502 -0.0574242 0.0606139 0.260587 0.0226001 -0.0851456 0.0627886 0.170923 0.11419 -0.0446733 -0.0522312 0.0182167 -0.053455 -0.117437 0.0214319 -0.0936088 -0.212553 0.00877049 -0.0763668 -0.103991 -0.140977 -0.0811651 0.0792787 -0.126043 -0.134547 -0.0667041 0.158095 0.141082 -0.0292262 -0.000585374 -0.101456 -0.104432 0.0795187 0.128765 -0.19086 0.0485213 0.0043717 -0.0486567 0.0173847 0.0410334 0.231622 -0.079269 -0.0972566 0.0793962 0.0378278 0.0550775 -0.0913996 -0.289129 -0.238124 0.0337274 -0.064673 -0.0859052 -0.136015 -0.141901 -0.112955 -0.0988777 -0.0752723 -0.0752777 -0.0214351 0.02319 0.135698 -0.0345566 -0.0940151 0.0153651 -0.139539 -0.0375226 -0.0631968 -0.0431217 -0.233634 0.0482987 0.0643857 -0.0722162 0.019483 0.0921102 0.0180303 0.0628161 0.0609649 0.162028 -0.0398469 -0.104726 0.112209 -0.0452313 -0.257583 0.165078 -0.00543267 -0.151473 0.138786 0.046489 0.0611575 -0.0886901 0.0494931 0.0337294 -0.234574 -0.100778 -0.116667 -0.11678 0.0584541 -0.0436147 -0.128142 -0.0831722 0.0895908 0.0556426 0.0900336 0.0131318 -0.0423505 -0.0237994 0.0491586 0.00657287 -0.00518445 -0.17133 -0.018727 0.0434087 -0.301804 0.060693 0.0172843 -0.0578631 0.0128539 0.0786592 -0.0780465 -0.201147 -0.06817 -0.0456606 -0.0576286 -0.0128322 0.205032 0.197451 -0.080177 0.0861538 0.128811 -0.0789644 -0.120044 -0.00607471 -0.0228082 -0.164833 0.0351614 -0.121678 -0.0445736 -0.0290332 0.128781 -0.109878 -0.0799835 0.14462 -0.0618437 -0.160603 0.0746688 -0.000274461 -0.0387085 -0.147432 0.0722012 0.0355045 0.147231 -0.076568 -0.26608 0.0819597 -0.147049 -0.0549175 0.00413547 0.0106432 0.0336359 0.0987059 -0.0656084 -0.164089 -0.0827382 -0.0830106 0.0945053 0.0144768 -0.115238 0.0681622 -0.173918 -0.0878403 0.154825 0.00185982 0.0735526 0.157651 -0.0281625 -0.215898 0.00426967 0.0276342 -0.0463305 0.0521574 0.0137741 -0.0341318 -0.211847 -0.0549371 -0.0158295 -0.054377 0.00432089 -0.0140497 -0.114141 -0.0416806 -0.365398 -0.378721 -0.334421 -0.115604 0.065246 -0.0101619 0.0343111 0.1162 0.0599695 -0.0694082 -0.157611 -0.292814 0.121697 -0.129859 -0.1038 0.00610325 -0.0419438 -0.040138 0.00987209 0.107254 -0.146126 0.0178433 -0.0300711 -0.109753 -0.0415426 -0.0518111 -0.0650582 -0.0306066 -0.0605373 0.0894881 0.0021682 0.0705213 -0.0842574 0.00168307 -0.0727572 -0.148131 0.0248523 0.00527617 0.051598 0.109829 -0.0388708 -0.149051 -0.141127 0.0994091 0.0618437 0.0581635 0.0714778 -0.284921 -0.130102 -0.293281 -0.173669 -0.0867602 0.010147 0.106305 0.0691834 -0.0936062 -0.0964064 -0.231393 -0.2422 -0.203107 -0.685777 -0.29483 -0.096935 -0.231085 -0.137594 -0.156889 0.0964623 0.0589963 0.0225157 -0.01366 -0.10304 0.0978921 0.00233531 -0.0274057 0.0474282 -0.173667 -0.0470415 -0.282072 -0.0451972 -0.0318207 0.0421959 -0.0759486 -0.0944503 0.117982 -0.0967257 0.0463336 -0.0217936 0.0182758 0.0467925 0.102392 -0.227047 0.0482034 0.119854 0.126464 -0.00417946 -0.0560981 -0.128915 -0.0414367 0.12194 0.0570369 0.0432917 -0.0534308 -0.219167 -0.062897 -0.064406 0.139904 0.0911909 0.0232499 -0.310679 -0.498195 -0.0663862 
0.0412848 0.284876 -0.0388613 0.033527 -0.0441117 -0.101235 -0.0785434 0.050241 0.0829014 -0.06951 -0.226581 0.00411087 -0.0996095 -0.132226 0.165733 0.0729748 -0.148329 0.0365217 0.210912 -0.0377166 -0.103923 0.112949 -0.0139709 -0.114741 -0.132866 0.0399145 0.049272 -0.024021 0.130507 0.00349846 -0.0611097 -0.110948 0.00655234 -0.0025561 -0.0350885 0.0578943 -0.034257 -0.060359 0.00673547 -0.0791906 -0.0595181 -0.00890573 -0.11736 -0.0925127 0.0197067 -0.0597412 -0.0805319 -0.0420611 0.051534 -0.00528818 -0.0658699 -0.084348 -0.134801 -0.156879 -0.0348915 -0.113216 -0.0929409 -0.0132959 0.113302 -0.0676539 -0.0982193 -0.127432 -0.126474 -0.0582667 -0.0930259 0.0247723 0.0379463 -0.0380449 0.0758984 0.0523713 0.271561 0.207277 0.0711477 0.00390151 -0.0296817 -0.0215391 -0.0108919 0.0585427 0.0560028 -0.0263597 -0.14013 -0.176448 0.0835341 0.0214457 -0.0219902 0.100095 -0.0391828 0.0575951 -0.0371133 -0.0962835 0.090608 -0.0250818 0.0271866 0.0413061 -0.151472 -0.130221 -0.153652 0.0157675 0.0294973 -0.0350462 -0.0762268 0.0700947 -0.0106398 -0.0696255 -0.164839 0.0710047 0.0105313 0.0707242 -0.0782229 0.0985949 -0.0951342 -0.147389 -0.151577 0.0316502 0.086924 0.0689671 0.0127646 -0.026557 -0.117698 -0.0491338 0.0417229 -0.0146141 0.10098 0.0395596 0.0267882 0.0518278 -0.100193 -0.0962397 0.106398 -0.0476439 -0.0363189 -0.0821006 -0.0962911 -0.0226964 0.072105 -0.0887478 -0.16026 -0.250579 -0.0625522 0.301569 0.0422561 -0.0553525 -0.0476621 -0.0872384 -0.278875 -0.0993383 0.0188852 -0.0297933 -0.0542557 -0.033357 -0.0276035 0.0517997 -0.0370024 -0.0053282 0.0598353 0.219969 0.126807 0.103765 0.00102224 -0.0453229 -0.0487217 0.0104221 0.0537321 0.0341238 -0.119727 -0.0244352 0.139407 -0.0185226 -0.0591606 0.055105 0.0323027 -0.0403529 -0.0339224 0.110691 -0.0849681 -0.191596 -0.00623035 -0.110494 -0.0265078 -0.091155 0.0446842 -0.168777 0.0382378 -0.0380418 -0.129813 -0.0654641 0.0955955 -0.0369262 0.0853324 0.0381248 -0.169911 -0.197055 -0.0569129 0.00958133 0.0117641 0.00371087 0.00895682 0.0461085 -0.155308 -0.102642 -0.0325969 0.0474098 -0.0979748 0.0750129 0.0566309 -0.117059 -0.0286914 0.0211628 0.0366564 0.00090159 0.219154 0.066354 -0.243377 -0.187667 0.0154141 -0.0729391 -0.112018 0.0791853 -0.0160201 -0.142292 0.0797825 -0.0099223 0.0597174 -0.0566999 0.13029 0.0378355 -0.193597 0.155098 -0.124264 -0.14471 -0.0250098 -0.174152 0.0260181 -0.20438 -0.0336392 -0.0108366 -0.0817497 -0.109532 -0.216374 0.0123627 0.0446995 -0.0503198 0.0974896 0.164466 0.0696353 0.161336 0.0450715 0.0947652 -0.105501 -0.0318874 -0.0596162 0.0551632 0.0516097 0.0174595 -0.0315855 -0.0666219 0.0470921 0.0175696 -0.0380425 -0.0167044 -0.0109752 -0.0763465 -0.0927237 -0.0120031 -0.0458535 -0.204581 0.00285194 0.0776664 -0.180959 -0.0843626 0.165358 -0.0148612 0.0358566 -0.045031 -0.182511 -0.202147 0.0926001 0.0561888 -0.145836 0.0158065 0.136269 0.00298332 -0.0576741 0.0501421 0.168759 -0.0122626 0.151375 -0.0741504 0.225342 0.175074 0.115974 0.36265 0.286614 0.137685 0.257635 0.0218471 -0.10481 -0.0312718 -0.0825333 -0.0428072 0.0389547 0.041926 -0.094451 0.0867568 0.035497 0.0836403 0.0884941 -0.101196 0.115515 -0.0883606 -0.127632 0.063086 0.00178992 0.0182665 -0.121655 0.116591 -0.0256512 0.0697096 -0.147625 0.0502715 -0.0357077 0.129736 0.0116116 -0.11853 -0.0717168 -0.0413656 0.00608867 -0.187571 -0.135866 0.13271 -0.0214664 -0.11464 0.0265367 -0.0304939 -0.0411357 -0.0460406 0.107578 -0.021305 0.145247 0.0455373 0.0388256 0.0891657 0.246235 0.011307 -0.0339548 -0.0276176 0.177942 -0.0733403 -0.107196 0.0419894 0.0117545 -0.0209463 0.0236731 0.102826 0.114121 0.0866784 -0.0716221 0.096329 -0.0470831 -0.153661 -0.0964487 0.0533575 -0.0343893 -0.119047 0.00286087 -0.0265793 0.157299 -0.0829676 0.0259842 0.219025 -0.0338118 -0.057162 -0.0548185 -0.0485253 -0.209364 -0.00319961 -0.0390751 0.0894538 0.142785 -0.0794381 0.0055745 0.202772 0.00421132 0.0513721 -0.0139404 -0.118456 -0.101795 0.0658417 -0.144361 0.0676267 0.157631 0.0524687 
0.137525 -0.00893447 0.0160726 -0.128421 -0.0970321 -0.117272 0.0807897 0.00840194 -0.0964981 0.0715027 0.0738776 0.0745034 0.00135324 0.109042 -0.132507 -0.117036 -0.0118345 -0.0636601 0.00863689 -0.000535878 -0.0313058 -0.0865353 0.0254441 0.0201241 -0.0225072 0.00954301 -0.0532632 -0.0612455 -0.263272 -0.144787 -0.0383293 0.0617123 -0.136101 -0.0726086 0.134118 -0.205971 -0.121837 0.0455525 -0.0199756 0.0559677 0.05007 0.0145489 0.0246023 -0.0587618 -0.147186 0.0381179 -0.0323018 0.068519 -0.0484897 0.0314655 -0.106102 0.0434928 -0.0363895 -0.207396 -0.393511 -0.0994731 0.00583649 0.158286 -0.0936721 -0.105444 0.152201 0.0330179 -0.198045 -0.111248 -0.169977 -0.192865 -0.170311 -0.070677 -0.0730361 -0.00259734 0.126483 -0.043631 0.124705 -0.08315 -0.0917795 -0.101451 -0.00666849 0.270867 0.00499355 -0.127926 -0.10045 0.152874 -0.0966728 -0.0959705 -0.0457228 -0.0939218 0.0156777 0.0674308 0.0457291 0.0519854 0.0598864 -0.285455 -0.190305 -0.118873 -0.133657 0.167514 -0.0161217 -0.12605 0.0379383 0.00836717 0.031982 -0.0887735 -0.0577769 0.00426891 0.143915 -0.117358 -0.0581998 0.0785632 0.0309593 -0.146941 -0.216447 0.112082 0.00993088 0.0935695 -0.0422116 -0.0966211 0.0344309 0.0295553 -0.0853018 0.00964511 0.0715973 -0.102658 -0.131355 -0.138516 0.020245 -0.0148919 -0.0525693 -0.0436992 -0.0925718 -0.0628804 -0.13986 0.0334068 -0.0288735 -0.0204534 0.0257329 -0.00229339 0.0762052 -0.00527298 -0.123336 -0.289571 -0.0824243 0.16153 0.0284547 -0.0196483 -0.270485 -0.295131 -0.0178624 -0.0825649 0.0345795 0.0607181 -0.0057208 0.101659 0.0787173 -0.00846335 0.0477893 0.053273 0.00669051 -0.0121974 0.0256367 -0.0317433 -0.0365596 0.0766722 0.117116 -0.000403181 -0.0572065 0.0692552 0.0975109 0.0734357 0.0252709 -0.0742474 -0.0122803 0.00667592 -0.0691587 0.0677698 0.0214473 0.0720906 -0.151193 -0.118284 -0.0688697 -0.10678 0.0743714 0.104406 -0.179542 0.00837971 0.0758119 0.0522938 0.00578645 0.0577025 -0.0328248 -0.0521595 -0.0583676 -0.0481696 -0.254449 -0.092834 -0.147469 -0.137506 0.104503 -0.0678939 0.0126984 -0.0966182 -0.0315733 0.0466118 -0.114548 -0.0407064 -0.101266 0.135899 0.0429572 0.0836091 -0.149213 0.0345157 -0.202716 -0.0294942 0.150145 -0.0120076 -0.0240321 -0.11511 -0.0776303 0.0124045 -0.072623 0.074453 0.0756523 0.0734637 -0.00392355 -0.146409 -0.133713 -0.0211227 0.12496 0.0317297 -0.0614728 0.0574977 -0.0536051 -0.23374 -0.041832 0.116424 -0.0337392 0.0850853 -0.111303 -0.0563673 -0.0263445 -0.0593079 0.0763586 0.0136668 -0.0758839 -0.0866718 -0.156204 -0.175819 -0.00347574 -0.0682018 0.0435012 -0.000785797 0.00539024 -0.0178411 -0.129563 -0.0206526 -0.038684 -0.044735 -0.0468464 -0.0881409 0.146507 -0.212519 0.0547594 -0.0864811 -0.0142342 0.0718634 0.0449196 0.106302 -0.172078 -0.224058 -0.120275 0.0124573 -0.139646 -0.141474 -0.110177 -0.102062 0.200427 0.0537765 -0.00576394 -0.0880389 -0.183277 -0.186879 -0.182584 -0.148717 -0.156922 -0.134493 -0.0507336 0.0245015 -0.128205 0.00902545 -0.0343309 -0.26607 -0.249496 -0.527539 -0.254255 -0.163743 0.0233902 -0.0988213 0.018355 0.119918 0.0415704 -0.0392137 -0.103461 0.0270849 0.148696 0.0148908 0.0396338 0.0872835 -0.0764837 0.0414663 -0.0374774 0.135724 -0.0320059 0.0321093 -0.0827647 0.0721103 -0.0154 -0.0159578 0.0499444 -0.0472238 0.0754612 -0.0192999 -0.010303 -0.138795 -0.136748 -0.083983 -0.000643575 -0.14034 -0.0542088 -0.0409192 -0.080842 -0.00349888 0.00694286 -0.0344941 0.0215136 -0.0425083 0.11997 0.109646 -0.211215 -0.018855 -0.0259408 -0.155683 -0.00622946 -0.159924 -0.259848 0.133241 0.057097 0.0405398 0.0184846 0.0187838 0.0817368 -0.0207373 -0.0341247 -0.117547 0.0979912 -0.172228 -0.0298026 0.150388 0.135176 -0.221044 0.0182342 -0.0174377 0.062742 -0.0231333 0.016262 0.111104 0.112166 0.00635043 -0.0501395 0.0525197 0.0535592 -0.0616037 -0.0874809 0.0109393 -0.10626 0.100999 -0.0110353 0.0333986 0.00337682 -0.147989 -0.0831227 -0.0896351 0.0937726 0.0926179 0.0653914 0.0268945 0.0348992 0.027034 0.162698 -0.246912 -0.0817754 -0.135989 -0.125076 -0.193944 
-0.109946 -0.0457016 0.117333 0.0577575 0.132472 -0.114751 0.0406257 0.0648785 -0.0508484 0.035317 0.0809997 0.00916185 -0.0810561 -0.0142885 -0.278628 -0.157013 0.0172417 0.0269694 -0.0780516 0.00524886 -0.093434 -0.29073 -0.0909199 -0.100956 0.0467145 0.118015 0.300897 -0.0343689 -0.200284 -0.00547957 -0.0552381 0.199907 -0.0422275 0.0573324 -0.0982367 -0.166245 0.0864268 -0.0469748 -0.126837 -0.00596477 5.09147e-05 -0.0374673 -0.0485721 -0.0584238 -0.176335 -0.156265 0.0156113 -0.0281463 0.0615537 -0.120512 -0.0776966 0.00908708 0.126164 0.0394733 -0.117909 -0.235882 -0.142708 -0.0902641 0.0907718 -0.100525 -0.222526 -0.147299 0.031762 -0.0276754 -0.0706608 -0.157328 -0.00632917 -0.0177742 -0.251681 -0.200054 -0.233251 -0.137048 0.0125661 -0.0113113 -0.0379743 -0.0844831 -0.0044765 -0.195042 0.0237907 0.0588754 0.0198019 0.128712 0.00331285 0.148809 -0.108472 0.0241309 -0.0231593 0.0376374 0.0500338 0.0407316 -0.0598685 -0.0289002 0.1732 0.0278734 -0.0925944 -0.068124 -0.0502477 -0.109275 -0.166524 -0.120297 0.0492806 0.00225704 0.0621263 0.0176677 -0.149655 0.0772052 -0.103344 0.00742361 0.0192548 0.00212888 0.0772797 -0.244668 0.0167578 -0.00332474 -0.0858321 -0.00516956 -0.0291516 -0.0911922 -0.168233 0.0572125 0.0375215 -0.0331786 -0.00669287 -0.0206403 -0.0564916 -0.375735 0.248176 0.0357123 -0.179941 0.0660493 0.0546349 -0.376273 -0.135862 -0.0325101 0.0561023 -0.163544 -0.0377059 0.0573673 0.0452699 0.00749997 0.134814 -0.0825254 0.0536258 -0.0366653 -0.0466568 -0.08631 -0.207414 -0.0112635 -0.045997 0.0832533 0.0695995 0.0538992 -0.0681589 -0.123423 0.0414038 0.0602045 0.0519557 -0.0514201 0.103318 0.0981564 0.0182466 0.0461501 -0.124545 0.0881857 0.0683628 0.0210222 -0.0504507 -0.0476362 -0.236595 -0.153082 0.10334 -0.0702295 0.0496207 0.0207885 -0.0852397 -0.0100513 -0.0322716 -0.000615719 -0.106088 0.0157415 0.0128827 0.0411941 -0.0207919 0.00348866 0.0278186 -0.0406266 0.133983 0.073799 0.100302 -0.0498785 -0.0711766 -0.189902 -0.163726 0.0578505 0.126939 -0.161271 -0.0370139 -0.17843 -0.0398285 0.158036 0.0845065 -0.0274128 -0.110234 -0.174398 -0.0705462 -0.0938252 0.00322594 0.0345547 0.0851839 -0.264213 -0.269402 -0.0241055 0.133702 -0.0781921 -0.164494 0.091248 -0.0267565 -0.151677 0.0225419 0.0622111 0.000357955 0.230426 -0.0391469 -0.0355173 -0.113951 -0.0307344 -0.0947023 -0.0793481 -0.148771 -0.149271 -0.164484 -0.0329483 -0.035743 -0.0987913 -0.0043807 -0.0780108 0.0275638 -0.0809222 -0.267872 0.0227183 0.0145206 -0.159731 0.0337677 0.129805 0.0421726 -0.169065 -0.0530469 -0.0711052 -0.0776148 0.126476 -0.00586945 -0.0191117 -0.158933 -0.0454391 -0.0451713 0.183848 0.0715554 0.0245098 -0.0766212 -0.151892 0.0845757 0.0786537 -0.142494 -0.00640786 0.0918427 -0.211839 -0.192902 0.0163328 -0.0577739 -0.190488 -0.039437 -0.0332976 -0.248027 -0.0989552 -0.29574 -0.195882 -0.15664 -0.156968 -0.164652 -0.00409432 0.0619811 0.139601 0.22085 0.0955337 -0.018665 0.060892 0.261189 -0.0176021 -0.139887 -0.0257299 0.0314993 -0.210996 -0.0928104 -0.14039 -0.0568561 -0.104913 0.0430837 0.0229949 -0.0940169 -0.0762386 -0.179184 0.0228098 0.00978796 0.0159077 -0.0617969 -0.0120839 0.0394772 -0.0748315 -0.0736224 0.149037 -0.103666 -0.0392485 0.102228 0.0610612 0.0314719 -0.0979248 0.0798163 -0.0292908 -0.0242289 0.0133821 0.0411497 -0.0318267 0.00234867 -0.10369 -0.065666 -0.231473 0.052426 -0.0729212 -0.0936029 -0.089507 0.108366 0.0389419 -0.11509 -0.0638494 -0.0776185 -0.0331107 -0.0253207 -0.0858371 0.0136197 0.115358 0.16875 0.24156 0.0782045 -0.0820661 -0.0180294 0.00820946 0.0180343 0.0502314 -0.135793 -0.0407871 0.0571515 0.0224389 -0.182121 0.104603 0.0533053 -0.0185928 0.017806 0.0874885 0.0222921 0.103495 0.0139468 -0.0410036 -0.0340458 -0.321494 -0.114115 0.10795 0.0225284 -0.0919545 -0.0660589 -0.00199539 0.0501545 -0.151879 -0.047146 -0.0855204 0.153433 0.00854362 -0.151806 -0.0400881 -0.0486359 -0.0152556 0.106629 -0.0255379 0.0251479 -0.0175244 0.0052935 -0.0497893 -0.125201 0.0738665 0.086657 0.14434 -0.00566193 0.0655557 

FC Bias: 10
0.00520925 0.128115 0.0168779 -0.0530192 0.0371087 -0.00794524 -0.00477364 0.0527661 -0.105044 -0.0030156 
